#Monatsgradtage VDI 3807; erstellt: DWD, 20190903
#Messnetz_id 4; mittlere Raumtemperatur (Grad Celsius): 20
#Auswertezeitraum 01-JUL-2015 bis 31-JUL-2015
#ID; geogr. Breite; geogr. Laenge;Station; Monat; Anzahl Tage; Monatsgradtage; Anzahl Heiztage; Mittelwert 2005-2014
00044;52.93; 8.24;            GROSSENKNETEN;201507;31; 43.9;7; 30.8
00071;48.22; 8.98;          ALBSTADT-BADKAP;201507;31; 33.0;5;-999.9
00073;48.62;13.05;     ALDERSBACH-KRIESTORF;201507;31;  0.0;0; 19.5
00078;52.49; 7.91;                ALFHAUSEN;201507;31; 38.0;6; 35.7
00091;50.74; 9.34;             ALSFELD-EIFA;201507;31; 31.3;5; 40.5
00125;47.83;10.87;          ALTENSTADT (BW);201507;31; 18.5;3;-999.9
00131;51.09;12.93;          ALTGERINGSWALDE;201507;31; 30.9;5; 31.0
00142;48.41;11.31;   ALTOMUENSTER-MAISBRUNN;201507;31;  5.3;1; 36.9
00150;49.73; 8.12;                    ALZEY;201507;31;  0.0;0; 13.9
00151;49.47;11.85;  AMBERG-UNTERAMMERSRICHT;201507;31; 11.3;2; 27.6
00154;48.02;12.29;         AMERANG-PFAFFING;201507;31;  5.3;1; 41.2
00161;50.42; 7.42;                ANDERNACH;201507;31;  6.1;1;-999.9
00164;53.03;13.99;       ANGERMUENDE (WEWA);201507;31; 16.9;3; 15.3
00167;53.84;13.68;                   ANKLAM;201507;31; 41.1;7; 11.9
00183;54.68;13.43;            ARKONA (WEWA);201507;31; 43.5;7; 12.8
00191;49.97; 9.91;      ARNSTEIN-MUEDESHEIM;201507;31;  5.3;1; 21.3
00198;51.37;11.29;            ARTERN (WEWA);201507;31; 21.6;4; 18.3
00217;47.88;11.36;                 ATTENKAM;201507;31; 11.2;2; 49.7
00222;50.59;12.71;                      AUE;201507;31; 30.7;5; 36.3
00232;48.43;10.94;  AUGSBURG-MUEHLH. (WEWA);201507;31; 16.3;3; 34.2
00257;48.73; 8.25;    BADEN-BADEN-GEROLDSAU;201507;31; 11.9;2; 16.7
00259;47.81; 7.64;                MUELLHEIM;201507;31;  0.0;0; 12.1
00282;49.87;10.92;            BAMBERG (WST);201507;31; 10.6;2; 20.3
00294;52.32; 9.43; BARSINGHAUSEN-HOHENBOST.;201507;31; 30.3;5; 25.9
00298;54.34;12.71;             BARTH (AWST);201507;31; 52.3;8; 13.0
00303;52.06;13.50;            BARUTH (AWST);201507;31; 12.3;2; 17.7
00314;51.16;14.50;    KUBSCHUETZ,KR.BAUTZEN;201507;31;  6.5;1; 21.3
00320;49.97;11.52;     HEINERSREUTH-VOLLHOF;201507;31; 22.6;4; 35.8
00330;49.56; 8.97;      OBERZENT-BEERFELDEN;201507;31; 31.0;5; 46.4
00342;52.32; 8.17;                     BELM;201507;31; 37.1;6;-999.9
00368;52.82; 9.92;              BERGEN (BW);201507;31; 43.6;7;-999.9
00377;49.11; 8.00;           BERGZABERN,BAD;201507;31;  0.0;0; 10.4
00390;50.98; 8.37;   BERLEBURG,BAD-STUENZEL;201507;31; 96.1;12; 92.7
00400;52.63;13.50;              BERLIN-BUCH;201507;31; 11.7;2; 13.6
00403;52.45;13.30; BERLIN-DAHLEM (MET.INST);201507;31; 11.6;2; 16.0
00410;52.40;13.73; BERLIN-KOEPENICK(KANISW);201507;31; 12.5;2; 14.9
00420;52.54;13.56;           BERLIN-MARZAHN;201507;31; 10.5;2;-999.9
00427;52.38;13.53; BERLIN-SCHOEN.(FLUGWEWA);201507;31; 11.2;2; 15.2
00430;52.56;13.31;  BERLIN-TEGEL (FLUGWEWA);201507;31; 10.8;2; 11.1
00433;52.47;13.40;       BERLIN-TEMP. (WST);201507;31;  5.1;1; 10.3
00445;51.82;11.71;    BERNBURG/SAALE (NORD);201507;31; 16.6;3; 17.7
00460;49.26; 6.69;             BERUS (AWST);201507;31; 27.2;5; 33.8
00535;50.04; 7.31;              BLANKENRATH;201507;31; 55.9;9; 54.8
00555;51.48; 7.27;                   BOCHUM;201507;31; 25.2;4;-999.9
00591;53.39;10.69;         BOIZENBURG (WST);201507;31; 37.9;6; 21.9
00596;54.00;11.19;        BOLTENHAGEN (WST);201507;31; 44.0;7; 21.2
00603;50.73; 7.19;      BONN-ROLEBER (AWST);201507;31; 18.3;3;-999.9
00617;51.87; 6.89;              BORKEN I.W.;201507;31; 27.5;4; 27.2
00656;51.72;10.60;         BRAUNLAGE (AWST);201507;31;116.6;15;101.3
00662;52.29;10.45;  BRAUNSCHWEIG-VOEL.(WST);201507;31; 30.0;5; 24.3
00691;53.05; 8.80;        BREMEN (FLUGWEWA);201507;31; 35.6;6; 24.0
00701;53.53; 8.58;        BREMERHAVEN (WST);201507;31; 28.5;5; 12.6
00704;53.45; 9.14;      BREMERVOERDE (AWST);201507;31; 39.3;6;-999.9
00722;51.80;10.62;           BROCKEN (WEWA);201507;31;218.4;21;212.5
00755;49.52; 9.32;    BUCHEN,KR.NECKAR-ODW.;201507;31; 18.4;3; 29.8
00757;47.96; 8.00;               BUCHENBACH;201507;31; 17.8;3; 31.6
00766;50.17; 7.06;             BUECHEL (BW);201507;31; 68.9;10;-999.9
00817;51.03; 8.81;      BURGWALD-BOTTENDORF;201507;31; 42.9;7; 39.4
00840;50.43;12.61;         CARLSFELD (AWST);201507;31;106.8;13;128.8
00853;50.79;12.87;          CHEMNITZ (WEWA);201507;31; 32.3;5; 39.7
00856;47.88;12.54;           CHIEMING (WST);201507;31;  0.0;0;-999.9
00867;50.31;10.97; LAUTERTAL-OBERLAU.(AWST);201507;31; 24.1;4; 34.6
00880;51.78;14.32;           COTTBUS (WEWA);201507;31; 11.8;2; 14.7
00891;53.87; 8.71;          CUXHAVEN (WEWA);201507;31; 34.3;6; 12.6
00896;51.08;10.86;                  DACHWIG;201507;31; 16.6;3; 14.0
00917;49.88; 8.68;                DARMSTADT;201507;31;  5.4;1; 12.2
00953;49.76; 7.05;        DEUSELBACH (AWST);201507;31; 57.4;9; 57.7
00963;52.59; 8.34;           DIEPHOLZ(WEWA);201507;31; 29.1;5; 25.4
00979;50.74; 8.27;               DILLENBURG;201507;31; 46.6;8; 42.7
00983;48.56;10.56; DILLINGEN/DONAU-FRISTIN.;201507;31;  5.1;1;-999.9
00991;50.91;13.71;  DIPPOLDISWALDE-REINBERG;201507;31; 32.6;5; 35.9
01001;51.65;13.57; DOBERLUG-KIRCHHAIN(AWST);201507;31; 11.6;2; 18.4
01048;51.13;13.75; DRESDEN-KLOTZ.(FLUGWEWA);201507;31; 11.5;2; 19.7
01050;51.02;13.85;       DRESDEN-HOSTERWITZ;201507;31;  5.5;1;-999.9
01051;51.02;13.77;         DRESDEN-STREHLEN;201507;31;  5.3;1;-999.9
01052;52.22;12.16;         DREWITZ,BEI BURG;201507;31; 11.9;2; 18.2
01072;49.47; 8.19;            DUERKHEIM,BAD;201507;31;  0.0;0;  3.5
01078;51.30; 6.77;   DUESSELDORF (FLUGWEWA);201507;31; 22.4;4; 15.7
01103;48.10;11.99;        EBERSBERG-HALBING;201507;31; 10.6;2;-999.9
01107;49.85;10.50;                   EBRACH;201507;31; 29.5;5; 38.8
01161;48.88;11.23;  EICHSTAETT-LANDERSHOFEN;201507;31; 10.6;2; 30.9
01197;48.99;10.13;     ELLWANGEN-RINDELBACH;201507;31; 17.7;3; 38.1
01200;54.07; 9.01;     ELPERSBUETTEL (AWST);201507;31; 43.2;7;-999.9
01207;50.27;12.27;          ELSTER,BAD-SOHL;201507;31; 59.8;9;-999.9
01214;48.20; 8.11;          ELZACH-FISNACHT;201507;31; 13.5;2; 38.9
01224;48.14; 7.84;    EMMENDINGEN-MUNDINGEN;201507;31;  5.3;1; 10.3
01228;54.17; 6.35;               EMS (AWST);201507;31; 51.1;9;-999.9
01255;49.17; 8.85;          EPPINGEN-ELSENZ;201507;31; 11.3;2; 15.5
01262;48.35;11.81;       MUENCHEN-FLUGHAFEN;201507;31;  0.0;0; 21.7
01266;54.30; 9.32;                    ERFDE;201507;31; 55.5;9; 25.7
01270;50.98;10.96;            ERFURT-WEIMAR;201507;31; 31.5;5; 36.7
01279;49.65;11.01; MOEHRENDORF-KLEINSEEBACH;201507;31;  5.1;1; 19.1
01297;51.20;10.01;                 ESCHWEGE;201507;31; 23.3;4; 26.6
01303;51.40; 6.97;    ESSEN-BREDENEY (AWST);201507;31; 40.7;7; 33.0
01327;50.71; 6.79;    WEILERSWIST-LOMMERSUM;201507;31; 24.6;4; 23.3
01332;48.48;12.72; FALKENBERG,KR.ROTTAL-INN;201507;31;  0.0;0; 30.9
01339;52.92;10.19;            FASSBERG (BW);201507;31; 39.5;6;-999.9
01346;47.87; 8.00;    FELDBERG/SCHW. (WEWA);201507;31;137.8;14;226.0
01357;49.98;11.84; FICHTELB./OFR-HUETTSTADL;201507;31; 64.4;9; 77.8
01358;50.43;12.95;       FICHTELBERG (WEWA);201507;31;158.6;17;183.9
01411;50.53;10.05;               BIRX/RHOEN;201507;31; 93.5;12;-999.9
01420;50.03; 8.52;  FRANKFURT/M. (FLUGWEWA);201507;31;  0.0;0;  4.3
01424;50.13; 8.67;   FRANKFURT/MAIN-WESTEND;201507;31;  0.0;0;-999.9
01443;48.02; 7.83;    FREIBURG I.BR. (AWST);201507;31;  0.0;0;  9.3
01451;53.83; 9.25;            FREIBURG/ELBE;201507;31; 36.8;6; 23.0
01468;48.45; 8.41;      FREUDENSTADT (WEWA);201507;31; 54.7;8; 87.5
01473;49.19;11.31;     FREYSTADT-MICHELBACH;201507;31; 22.3;4;-999.9
01503;53.06; 7.90;    FRIESOYTHE-ALTENOYTHE;201507;31; 37.4;6;-999.9
01504;51.12; 9.28;            FRITZLAR (BW);201507;31; 31.5;5;-999.9
01544;52.51;11.39;         GARDELEGEN (WST);201507;31; 24.3;4; 20.7
01550;47.48;11.06; GARMISCH-PARTENK. (AWST);201507;31; 17.8;3; 57.5
01580;49.99; 7.95;        GEISENHEIM (AMBF);201507;31;  0.0;0;  9.3
01584;47.92; 8.65;                GEISINGEN;201507;31; 20.7;3;-999.9
01587;48.95;11.43;         GELBELSEE (AWST);201507;31; 16.8;3; 41.1
01590;51.49; 6.25;          GELDERN-WALBECK;201507;31; 29.8;5; 20.5
01602;48.43; 7.99;                 OHLSBACH;201507;31;  5.4;1; 10.0
01605;52.39;12.16;           GENTHIN (AWST);201507;31; 17.0;3; 15.1
01612;50.88;12.13;     GERA-LEUMNITZ (WEWA);201507;31; 28.8;5; 30.2
01639;50.60; 8.64;   GIESSEN/WETTENB. (WST);201507;31;  6.2;1; 25.2
01645;50.97; 9.05;     GILSERBERG-MOISCHEID;201507;31; 59.3;9; 53.7
01684;51.16;14.95;          GOERLITZ (WEWA);201507;31; 12.6;2; 23.6
01691;51.50; 9.95;        GOETTINGEN (WEWA);201507;31; 33.0;5; 36.5
01694;53.61;12.10;          GOLDBERG (AWST);201507;31; 37.5;6; 21.4
01721;49.66;11.22;      GRAEFENBERG-KASBERG;201507;31; 24.2;4; 42.7
01735;48.79;13.63;          GRAINET-REHBERG;201507;31; 39.1;6; 61.1
01736;53.57;10.68;                  GRAMBEK;201507;31; 38.8;6; 22.4
01757;54.10;13.41;        GREIFSWALD (WEWA);201507;31; 41.7;7; 10.8
01759;54.24;13.91;  GREIFSWALDER OIE (AWST);201507;31; 26.5;5;-999.9
01766;52.13; 7.70;      MUENSTER/OSNABRUECK;201507;31; 24.1;4; 22.3
01803;54.07;12.32;          GROSS LUESEWITZ;201507;31; 46.7;7; 22.8
01832;49.11;13.13;     GROSSER ARBER (WEWA);201507;31;148.9;15;205.5
01863;50.27; 9.19;     GRUENDAU-BREITENBORN;201507;31; 16.9;3;-999.9
01869;53.32;13.93;           GRUENOW (AWST);201507;31; 29.4;5; 16.3
01964;49.94; 6.38;                  OLSDORF;201507;31; 49.5;8;-999.9
01975;53.63; 9.99; HAMBURG-FUHLS.(FLUGWEWA);201507;31; 38.6;6; 21.1
01981;53.48; 9.90;    HAMBURG-NEUWIEDENTHAL;201507;31; 35.2;6; 15.7
02014;52.46; 9.68; HANNOVER-LANG.(FLUGWEWA);201507;31; 29.8;5; 23.5
02023;48.79;10.71;      HARBURG RIES (AWST);201507;31; 11.6;2; 38.6
02039;51.90;10.57;             HARZBURG,BAD;201507;31; 36.8;6;-999.9
02044;51.65;11.14;        HARZGERODE (AWST);201507;31; 64.0;9; 64.0
02074;48.38; 8.98;                HECHINGEN;201507;31; 17.3;3; 38.2
02110;51.04; 6.10;      HEINSBERG-SCHLEIDEN;201507;31; 17.0;3; 18.4
02115;54.17; 7.89;         HELGOLAND (WEWA);201507;31; 33.8;6; 13.1
02171;50.85; 9.74;       HERSFELD,BAD (WST);201507;31; 29.4;5; 35.1
02174;51.63;10.37;                 HERZBERG;201507;31; 52.3;8;-999.9
02201;54.57;13.10;          HIDDENSEE-VITTE;201507;31; 27.6;5;  6.2
02211;50.74; 7.65;               HILGENROTH;201507;31; 50.3;8; 45.6
02252;50.90;14.75;       BERTSDORF-HOERNITZ;201507;31; 24.6;4; 26.9
02261;50.31;11.88;     HOF-HOHENSAAS (WEWA);201507;31; 57.0;9; 59.1
02290;47.80;11.01;   HOHENPEISSENBERG (OBS);201507;31; 45.1;7; 90.4
02303;54.31; 9.54;                HOHN (BW);201507;31; 62.3;10;-999.9
02306;54.32;10.67;                 HOHWACHT;201507;31; 43.6;7; 18.6
02315;51.77;13.17;            HOLZDORF (BW);201507;31; 12.1;2;-999.9
02319;47.88;11.70;              HOLZKIRCHEN;201507;31; 16.6;3; 50.7
02323;51.85; 9.50;     BEVERN,KR.HOLZMINDEN;201507;31; 31.0;5;-999.9
02362;50.57; 7.48;               HUEMMERICH;201507;31; 61.6;10; 48.4
02385;49.69; 7.33;      IDAR-OBERSTEIN (BW);201507;31; 36.4;6; 41.7
02410;48.71;11.54;          INGOLSTADT (BW);201507;31;  0.0;0;-999.9
02429;53.99; 9.57;            ITZEHOE (WST);201507;31; 46.7;7; 22.4
02444;50.93;11.58;        JENA (STERNWARTE);201507;31;  0.0;0; 12.8
02480;50.06; 8.99;                KAHL/MAIN;201507;31;  0.0;0;  9.7
02483;51.18; 8.49;      KAHLER ASTEN (WEWA);201507;31;156.6;18;141.9
02485;48.92; 9.69;   KAISERSBACH-CRONHUETTE;201507;31; 30.8;5;-999.9
02486;49.43; 7.76;           KAISERSLAUTERN;201507;31;  5.3;1; 17.1
02497;50.50; 6.53;              KALL-SISTIG;201507;31; 86.5;12; 75.5
02542;47.87;10.60;               KAUFBEUREN;201507;31; 23.3;4; 59.6
02559;47.72;10.33;            KEMPTEN (WST);201507;31; 12.3;2;-999.9
02564;54.38;10.14;       KIEL-HOLTENAU (BW);201507;31; 44.1;7;-999.9
02575;49.18; 9.98; KIRCHBERG/JAGST-HERBOLD.;201507;31; 18.2;3;-999.9
02578;54.00;11.43;           KIRCHDORF/POEL;201507;31; 34.6;6; 13.1
02597;50.22;10.08;     KISSINGEN,BAD (WEWA);201507;31;  5.4;1; 27.1
02600;49.74;10.18;                KITZINGEN;201507;31;  0.0;0; 11.4
02601;50.22; 8.45;   KL.FELDBERG/TS. (AWST);201507;31;108.1;13;-999.9
02618;50.85;10.48;       KLEINER INSELSBERG;201507;31; 99.8;12;106.9
02627;51.56;13.88;                KLETTWITZ;201507;31; 12.9;2; 20.5
02629;51.76; 6.10;                    KLEVE;201507;31; 36.7;6; 30.2
02638;48.11; 8.75;        KLIPPENECK (AWST);201507;31; 56.1;8; 99.8
02641;51.52;12.91;    KLITZSCHEN BEI TORGAU;201507;31; 11.9;2; 15.4
02667;50.86; 7.16;    KOELN-WAHN (FLUGWEWA);201507;31; 23.1;4; 22.5
02680;50.28;10.45;         KOENIGSHOFEN,BAD;201507;31; 27.3;5; 29.6
02700;48.83;11.49;                KOESCHING;201507;31;  0.0;0; 28.9
02704;51.75;12.01;         KOETHEN (ANHALT);201507;31;  5.2;1; 12.5
02708;47.67;11.08;   KOHLGRUB,BAD (ROSSHOF);201507;31; 18.4;3; 63.2
02712;47.68; 9.19;          KONSTANZ (WEWA);201507;31;  0.0;0; 15.7
02750;50.25;11.32;                  KRONACH;201507;31; 24.4;4; 33.7
02773;49.43;11.90;       KUEMMERSBRUCK (BW);201507;31; 11.5;2;-999.9
02794;52.94;12.41;            KYRITZ (AWST);201507;31; 28.0;5; 16.7
02796;53.92;12.28;               LAAGE (BW);201507;31; 44.7;7; 17.9
02812;48.36; 7.83;              LAHR (WEWA);201507;31;  0.0;0;  8.0
02814;48.51; 9.76;               MERKLINGEN;201507;31; 38.8;6; 65.9
02843;50.01; 8.65;             LANGEN (WDS);201507;31;  0.0;0;-999.9
02856;51.92;13.09;           LANGENLIPSDORF;201507;31; 18.4;3; 19.1
02886;48.22; 9.91;            LAUPHEIM (BW);201507;31; 11.5;2;-999.9
02905;48.18;10.85;            LECHFELD (BW);201507;31;  5.8;1;-999.9
02907;54.79; 8.95;              LECK (AWST);201507;31; 68.9;11; 30.7
02925;51.39;10.31;         LEINEFELDE (WST);201507;31; 58.5;9; 50.7
02928;51.32;12.45; LEIPZIG-HOLZHAUSEN(AWST);201507;31; 11.4;2; 16.9
02932;51.43;12.24;            LEIPZIG/HALLE;201507;31; 16.5;3; 17.4
02947;51.13; 8.03;        LENNESTADT-THETEN;201507;31; 65.2;10; 51.5
02951;53.10;11.49;            LENZEN (ELBE);201507;31; 33.3;6; 16.2
02953;47.86; 8.23;       LENZKIRCH-RUHBUEHL;201507;31; 49.7;7;-999.9
02961;54.50;10.27;   LEUCHTTURM KIEL (AWST);201507;31; 42.8;7; 17.1
02968;50.99; 6.98;          KOELN-STAMMHEIM;201507;31;  6.1;1;-999.9
02985;50.94;14.21; LICHTENHAIN-MITTE.(AWST);201507;31; 18.2;3; 32.7
03015;52.21;14.12;         LINDENBERG (OBS);201507;31; 16.6;3; 16.9
03023;52.52; 7.31;            LINGEN (WEWA);201507;31; 24.4;4; 23.6
03028;51.79; 8.84;   LIPPSPRINGE,BAD (WEWA);201507;31; 40.2;6; 39.6
03031;51.63; 8.39;   LIPPSTADT-BOEKENFOERDE;201507;31; 32.1;5; 26.9
03032;55.01; 8.41;      LIST AUF SYLT (WST);201507;31; 52.4;9; 17.0
03034;50.45;11.63;          LOBENSTEIN, BAD;201507;31; 56.7;9; 57.7
03042;50.56; 8.24;    LOEHNBERG-OBERSHAUSEN;201507;31; 37.3;6; 38.5
03044;52.72; 7.75;                LOENINGEN;201507;31; 30.2;5;-999.9
03083;51.93;13.88;      LUEBBEN-BLUMENFELDE;201507;31; 11.5;2;-999.9
03086;53.80;10.70; LUEBECK-BLANKENSEE(AWST);201507;31; 39.1;6; 19.5
03093;52.97;11.14;           LUECHOW (AWST);201507;31; 35.8;6; 18.6
03098;51.25; 7.64;      LUEDENSCHEID (WEWA);201507;31; 83.1;12; 68.2
03126;52.10;11.58;         MAGDEBURG (WEWA);201507;31; 17.0;3; 16.2
03137;49.97; 8.21;  MAINZ-LERCHENBERG (ZDF);201507;31;  0.0;0;-999.9
03147;48.77;12.22; MALLERSDORF-PFAFFENB/NDB;201507;31;  0.0;0;-999.9
03155;50.10; 6.80;       MANDERSCHEID-S.HOF;201507;31; 64.2;10; 60.7
03158;52.55;14.55;          MANSCHNOW (WST);201507;31; 11.3;2; 10.9
03164;50.85; 8.77;   COELBE, KR. MARBURG-B.;201507;31; 11.2;2;-999.9
03166;50.65;13.15;        MARIENBERG (AWST);201507;31; 70.2;10; 77.5
03167;50.66; 7.96;    MARIENBERG,BAD (WEWA);201507;31; 87.9;12; 79.0
03196;53.32;11.93;           MARNITZ (WEWA);201507;31; 37.1;6; 22.7
03204;50.73;10.88;               MARTINRODA;201507;31; 42.8;7; 42.6
03226;51.73;11.51;   ASCHERSLEBEN-MEHRINGEN;201507;31; 17.4;3;-999.9
03231;50.56;10.38;         MEININGEN (WEWA);201507;31; 48.3;8; 49.1
03234;51.13;13.43;    GARSEBACH BEI MEISSEN;201507;31; 18.4;3; 20.7
03244;47.98;10.14;                MEMMINGEN;201507;31; 13.1;2; 49.1
03257;49.48; 9.76; MERGENTHEIM,BAD-NEUNKIR.;201507;31;  5.3;1; 16.5
03268;48.17; 8.94;     MESSSTETTEN-APPENTAL;201507;31; 48.6;7;-999.9
03271;48.85;12.92;                   METTEN;201507;31;  5.5;1; 21.4
03278;48.54; 9.27;                METZINGEN;201507;31;  5.3;1;-999.9
03284;49.67; 9.01;              MICHELSTADT;201507;31; 15.5;3; 17.9
03287;49.72; 9.10;  MICHELSTADT-VIELB.(WST);201507;31; 30.2;5; 43.3
03289;50.73;11.78;      SCHMIERITZ-WELTWITZ;201507;31; 29.9;5; 30.3
03307;47.48;11.27;      MITTENWALD-BUCKELW.;201507;31; 45.7;7; 95.2
03319;49.76; 9.25;                ROELLBACH;201507;31; 10.8;2;-999.9
03340;50.44; 7.81;                MONTABAUR;201507;31; 35.6;6; 35.1
03348;51.72; 9.84;      MORINGEN-LUTTERBECK;201507;31; 45.8;7; 46.5
03362;48.97; 8.87;        MUEHLACKER (AWST);201507;31; 11.8;2;-999.9
03366;48.28;12.50;      MUEHLDORF/INN (WST);201507;31;  0.0;0; 26.8
03376;52.52;14.12;              MUENCHEBERG;201507;31; 11.8;2; 16.0
03379;48.16;11.54;     MUENCHEN-STADT (WST);201507;31;  0.0;0; 23.2
03402;48.39; 9.48;  MUENSINGEN-APFELSTETTEN;201507;31; 45.8;7; 77.1
03426;51.57;14.70;               MUSKAU,BAD;201507;31; 13.0;2; 19.2
03442;50.36; 8.75;             NAUHEIM, BAD;201507;31;  0.0;0; 10.1
03485;48.31;10.38; NEUBURG/KAMMEL-LANGENHAS;201507;31; 10.9;2; 32.7
03490;50.53; 7.09;   NEUENAHR,BAD-AHRWEILER;201507;31; 16.7;3; 14.6
03509;53.10;13.04;                     MENZ;201507;31; 41.8;7; 22.3
03513;50.50;11.13;  NEUHAUS A. RENNW.(WEWA);201507;31;101.1;12;110.2
03527;50.89; 9.40; NEUKIRCHEN-HAUPTSCHWENDA;201507;31; 76.3;11; 66.1
03540;50.84; 7.37; NEUNK.-SEELSCH.-KRAWINK.;201507;31; 43.5;7; 39.3
03545;49.34; 7.23; NEUNKIRCHEN-WELLESWEILER;201507;31; 22.1;4; 23.5
03552;52.90;12.81;          NEURUPPIN (WST);201507;31; 29.2;5; 16.5
03571;49.82;11.86; NEUSTADT/KULM-FILCHENDF.;201507;31; 30.6;5;-999.9
03591;50.67; 6.42;         NIDEGGEN-SCHMIDT;201507;31; 58.0;9; 49.5
03603;49.39; 9.97;       NIEDERSTETTEN (BW);201507;31; 18.5;3; 38.1
03612;52.67; 9.22;                 NIENBURG;201507;31; 29.3;5; 22.8
03621;48.83;10.51;               REIMLINGEN;201507;31;  5.5;1; 30.4
03623;50.83; 6.66;          NOERVENICH (BW);201507;31; 24.2;4;-999.9
03631;53.71; 7.15;         NORDERNEY (WEWA);201507;31; 22.6;4;  9.7
03639;53.76; 8.66;            NORDHOLZ (BW);201507;31; 42.8;7; 27.3
03660;50.36; 6.87; NUERBURG-BARWEILER(WEWA);201507;31; 68.9;10; 65.0
03667;49.43;11.25;      NUERNBERG-NETZSTALL;201507;31; 26.3;4; 39.0
03668;49.50;11.05; NUERNBERG-KRA.(FLUGWEWA);201507;31;  5.4;1; 20.8
03679;47.62;12.17;       KIEFERSFELDEN-GACH;201507;31;  5.4;1;-999.9
03730;47.40;10.28;        OBERSTDORF (WEWA);201507;31; 30.6;5; 78.3
03734;49.13; 9.35;       OBERSULM-WILLSBACH;201507;31;  5.3;1; 13.5
03739;49.45;12.44;            OBERVIECHTACH;201507;31; 37.2;6; 56.1
03761;49.21; 9.52;         OEHRINGEN (WEWA);201507;31;  5.6;1; 14.9
03811;51.30;13.09;            OSCHATZ (WST);201507;31; 16.4;3; 15.8
03821;51.09;11.93;         OSTERFELD (AWST);201507;31; 22.6;4; 25.4
03836;50.45;10.22;       OSTHEIM V.D. RHOEN;201507;31; 23.0;4;-999.9
03857;47.64;10.39; OY-MITTELBERG-PETERSTHAL;201507;31; 37.4;6; 79.7
03875;49.15;11.69;    PARSBERG/OPF.-EGLWANG;201507;31; 23.7;4; 46.2
03897;54.09;10.88;       PELZERHAKEN (AWST);201507;31; 42.1;7;-999.9
03904;49.54; 6.38;              PERL-NENNIG;201507;31; 18.3;3; 19.5
03925;48.93; 8.70;      PFORZHEIM-ISPRINGEN;201507;31;  6.2;1;-999.9
03927;47.93; 9.29;              PFULLENDORF;201507;31; 31.7;5; 57.8
03939;49.19; 7.59;                PIRMASENS;201507;31; 17.8;3; 31.8
03946;50.48;12.13;            PLAUEN (AWST);201507;31; 29.6;5; 34.1
03975;49.48;11.54;  POMMELSBRUNN-MITTELBURG;201507;31; 26.8;4; 48.1
03987;52.38;13.06;            POTSDAM (OBS);201507;31; 16.0;3; 17.6
03988;52.38;13.06;  POTSDAM (SAEKULARSTAT.);201507;31; 27.6;5; 17.8
04024;54.36;13.48;            PUTBUS (AWST);201507;31; 51.1;8; 16.6
04032;51.80;11.13;              QUEDLINBURG;201507;31; 16.8;3;-999.9
04036;51.39;11.54;      QUERFURT-M.LODERSL.;201507;31; 23.9;4; 29.1
04039;53.73; 9.88;         QUICKBORN (AWST);201507;31; 45.3;7; 26.6
04063;52.45; 8.59;       RAHDEN-KLEINENDORF;201507;31; 29.1;5; 23.4
04094;47.81; 9.62; WEINGARTEN,KR.RAVENSBURG;201507;31; 11.1;2; 26.4
04104;49.04;12.10;        REGENSBURG (WEWA);201507;31;  0.0;0; 18.8
04127;50.99; 7.70;     REICHSHOF-ECKENHAGEN;201507;31; 74.2;11;-999.9
04154;51.18; 7.25;         REMSCHEID-LENNEP;201507;31; 78.9;12;-999.9
04160;48.74; 8.92;    RENNINGEN-IHINGER HOF;201507;31; 18.4;3; 39.4
04169;48.67; 7.99;  RHEINAU-MEMPRECHTSHOFEN;201507;31;  5.1;1;  8.3
04174;52.29; 7.39;     RHEINE-BENTLAGE (BW);201507;31; 25.3;4;-999.9
04177;48.97; 8.33;             RHEINSTETTEN;201507;31;  0.0;0;-999.9
04189;48.15; 9.46;  ALTHEIM, KREIS BIBERACH;201507;31; 18.1;3; 46.1
04261;47.88;12.13;                ROSENHEIM;201507;31;  0.0;0; 24.8
04271;54.18;12.08;    ROSTOCK-WARNEM.(WEWA);201507;31; 33.3;6;  7.5
04275;53.13; 9.34;       ROTENBURG (WUEMME);201507;31; 37.4;6; 27.0
04280;49.22;11.10;                     ROTH;201507;31; 10.9;2;-999.9
04287;49.38;10.17;    ROTHENBURG O.D.TAUBER;201507;31; 11.7;2; 29.4
04300;48.18; 8.64;                 ROTTWEIL;201507;31; 25.0;4; 49.8
04301;49.85; 7.87;           KREUZNACH, BAD;201507;31;  0.0;0;  5.7
04323;49.65; 7.88;            RUPPERTSECKEN;201507;31; 34.5;6; 42.5
04336;49.21; 7.11; SAARBRUECKEN-E(FLUGWEWA);201507;31; 17.0;3; 28.6
04349;48.96; 9.07;              SACHSENHEIM;201507;31;  5.5;1; 14.6
04354;48.78;13.31; SALDENBURG-ENTSCHENREUTH;201507;31; 24.5;4; 42.5
04371;52.10; 8.75;     SALZUFLEN,BAD (AWST);201507;31; 38.9;6; 35.2
04377;50.35;10.00;                 SANDBERG;201507;31; 55.6;9; 52.3
04393;54.33; 8.60; SANKT PETER-ORDING(WEWA);201507;31; 34.4;6;  8.7
04411;49.92; 8.97;   SCHAAFHEIM-SCHLIERBACH;201507;31;  5.2;1; 11.9
04445;51.77;10.65;                 SCHIERKE;201507;31;109.7;14;105.7
04464;50.57;11.80;           SCHLEIZ (AWST);201507;31; 44.5;7;-999.9
04466;54.53; 9.55;         SCHLESWIG (WEWA);201507;31; 57.7;9; 30.8
04480;50.34; 9.55;      SCHLUECHTERN-HEROLZ;201507;31; 17.1;3; 32.7
04485;50.72;10.45;             SCHMALKALDEN;201507;31; 30.5;5; 32.4
04501;50.65;10.77;         SCHMUECKE (AWST);201507;31;118.8;13;131.0
04508;50.30; 6.42;       SCHNEIFELFORSTHAUS;201507;31;106.4;13;108.5
04548;50.20;12.14;     SELB/OFR.-LAUTERBACH;201507;31; 62.0;9;-999.9
04559;49.16;12.62;     SCHORNDORF-KNOEBLING;201507;31; 29.2;5; 33.3
04560;50.49; 9.12;                 SCHOTTEN;201507;31; 41.6;7; 38.5
04592;49.33;12.09;               SCHWANDORF;201507;31;  0.0;0; 21.8
04605;50.64;11.19;              SCHWARZBURG;201507;31; 30.6;5; 32.1
04625;53.64;11.39;          SCHWERIN (WEWA);201507;31; 38.4;6; 23.1
04642;52.89;11.73;         SEEHAUSEN (WEWA);201507;31; 27.7;5; 14.9
04651;51.90;10.19;                   SEESEN;201507;31; 34.0;5; 32.8
04692;50.85; 8.00;     SIEGEN (KLAERANLAGE);201507;31; 41.6;7; 33.8
04703;48.07; 9.19;         SIGMARINGEN-LAIZ;201507;31; 19.7;3; 49.0
04704;47.58; 9.74; SIGMARSZELL-ZEISERTSWEI.;201507;31; 10.9;2; 32.2
04706;48.27;13.03;              SIMBACH/INN;201507;31;  0.0;0; 19.5
04709;50.00; 7.60;         SIMMERN-WAHLBACH;201507;31; 56.3;9; 43.6
04745;52.96; 9.79;            SOLTAU (AWST);201507;31; 39.8;6; 30.8
04763;51.06; 9.93;                   SONTRA;201507;31; 33.6;5; 38.6
04841;53.69; 8.87;      STEINAU,KR.CUXHAVEN;201507;31; 37.8;6; 26.8
04857;53.55; 9.61; MITTELNKIRCHEN-HOHENFELD;201507;31; 37.8;6; 19.9
04887;48.67; 9.86;          STOETTEN (WEWA);201507;31; 35.1;5; 69.7
04896;54.67; 9.81;               WAGERSROTT;201507;31; 60.4;9; 31.8
04911;48.83;12.56;         STRAUBING (AWST);201507;31;  0.0;0; 20.1
04928;48.83; 9.20;   STUTTGART(SCHNAR.AWST);201507;31;  0.0;0; 15.2
04931;48.69; 9.22; STUTTGART-ECH.(FLUGWEWA);201507;31;  5.6;1; 20.2
04978;50.64;10.02;               TANN/RHOEN;201507;31; 39.3;6; 49.0
04997;50.98;12.34;                 TEGKWITZ;201507;31; 18.1;3; 20.3
05009;53.76;12.56;           TETEROW (AWST);201507;31; 48.4;8; 18.8
05014;53.28; 8.99;   WORPSWEDE-HUETTENBUSCH;201507;31; 37.6;6; 27.1
05017;50.40;11.39;               TEUSCHNITZ;201507;31; 64.8;9; 73.1
05029;49.47; 7.04;            THOLEY (AWST);201507;31; 39.8;7;-999.9
05046;49.86;12.35;    TIRSCHENREUTH-LODERM.;201507;31; 38.2;6;-999.9
05064;51.29; 6.44;              TOENISVORST;201507;31; 22.5;4;-999.9
05097;54.07;12.77;                 TRIBSEES;201507;31; 45.1;7; 16.5
05099;49.73; 6.61;              TRIER-ZEWEN;201507;31;  5.6;1;-999.9
05100;49.75; 6.66;  TRIER-PETRISBERG (WEWA);201507;31; 11.0;2; 22.0
05109;53.60;13.30;             TROLLENHAGEN;201507;31; 41.5;7;-999.9
05111;48.03;12.54;                TROSTBERG;201507;31;  5.1;1; 37.7
05133;51.33; 8.91;    TWISTETAL-MUEHLHAUSEN;201507;31; 43.6;7; 40.8
05142;53.74;14.07;      UECKERMUENDE (AWST);201507;31; 39.9;7; 12.5
05146;52.94;10.53;                   UELZEN;201507;31; 37.8;6; 28.9
05149;49.57;10.19;                GOLLHOFEN;201507;31; 11.2;2; 23.0
05158;52.16;11.18;         UMMENDORF (AWST);201507;31; 30.6;5; 29.6
05229;48.05; 8.46;   VILLINGEN-SCHWENNINGEN;201507;31; 27.1;4; 56.5
05275;49.24; 8.54;      WAGHAEUSEL-KIRRLACH;201507;31;  0.0;0;  4.0
05279;51.62; 9.57;   WAHLSBURG-LIPPOLDSBERG;201507;31; 32.8;5; 34.9
05280;53.92;10.23;               WITTENBORN;201507;31; 40.0;6; 26.4
05300;50.26; 8.36;         WALDEMS-REINBORN;201507;31; 31.5;5; 46.3
05335;50.90;10.55;            WALTERSHAUSEN;201507;31; 31.6;5;-999.9
05347;51.50; 9.11;           WARBURG (AWST);201507;31; 44.1;7; 43.4
05349;53.52;12.67;          WAREN (MUERITZ);201507;31; 35.7;6; 16.1
05371;50.50; 9.94;       WASSERKUPPE (WEWA);201507;31;109.3;12;128.7
05397;49.67;12.18;        WEIDEN/OPF. (WST);201507;31; 17.3;3; 37.4
05404;48.40;11.69;      WEIHENSTEPHAN (WST);201507;31;  0.0;0;-999.9
05424;51.02;11.35;        WEIMAR-SCHOENDORF;201507;31; 29.4;5;-999.9
05426;49.38; 8.12;          WEINBIET (AWST);201507;31; 42.8;7; 55.6
05433;49.55; 6.81;         WEISKIRCHEN/SAAR;201507;31; 36.0;6; 37.7
05440;49.01;10.93;   WEISSENBURG/BAY. (WST);201507;31; 16.6;3; 22.8
05480;51.58; 7.89;              WERL (AWST);201507;31; 25.1;4;-999.9
05490;51.85;10.77;       WERNIGERODE (AWST);201507;31; 29.8;5; 24.7
05516;54.53;11.06;           FEHMARN (WEWA);201507;31; 39.4;7;  5.5
05538;47.88;11.16;  WIELENBACH (DEMOLLSTR.);201507;31;  0.0;0; 36.6
05541;50.13; 8.32;       WIESBADEN-AURINGEN;201507;31; 11.8;2; 23.3
05546;52.12;12.46;        WIESENBURG (WEWA);201507;31; 31.3;5; 29.9
05562;48.65; 8.68;  NEUBULACH-OBERHAUGSTETT;201507;31; 30.0;5; 53.2
05629;51.89;12.64;         WITTENBERG (WST);201507;31; 16.9;3; 18.2
05643;53.19;12.49;    WITTSTOCK-ROTE MUEHLE;201507;31; 36.0;6; 21.2
05664;48.30; 8.24;                  WOLFACH;201507;31; 12.3;2; 27.3
05676;52.40;10.69;     WOLFSBURG (SUEDWEST);201507;31; 23.6;4; 21.0
05692;49.61; 8.37;                    WORMS;201507;31;  0.0;0;  5.3
05705;49.77; 9.96;         WUERZBURG (WEWA);201507;31;  0.0;0; 16.6
05717;51.23; 7.11;    WUPPERTAL-BUCHENHOFEN;201507;31; 41.8;7; 35.3
05731;47.68; 8.38; WUTOESCHINGEN-OFTERINGEN;201507;31;  5.6;1; 26.4
05745;52.97;13.33;                ZEHDENICK;201507;31; 30.3;5; 18.2
05750;51.03;12.15;                    ZEITZ;201507;31; 22.8;4; 22.8
05779;50.73;13.75;  ZINNWALD-GEORGEN.(WEWA);201507;31;103.8;13;114.1
05792;47.42;10.98;         ZUGSPITZE (WEWA);201507;31;418.7;31;508.9
05797;50.69;12.43;             LICHTENTANNE;201507;31; 28.6;5;-999.9
05800;49.03;13.24;           ZWIESEL (AWST);201507;31; 47.0;7;-999.9
05822;52.86; 8.70;                   BASSUM;201507;31; 38.0;6; 26.0
05825;52.62;12.79;                    BERGE;201507;31; 17.2;3; 16.5
05839;53.39; 7.23;             EMDEN (WEWA);201507;31; 31.3;5; 21.6
05856;48.55;13.35;      FUERSTENZELL (WEWA);201507;31;  0.0;0; 35.0
05871;49.95; 7.26;              HAHN (WEWA);201507;31; 59.0;9; 58.9
05906;49.51; 8.56;          MANNHEIM (WEWA);201507;31;  0.0;0;  5.0
05930;54.64;10.02; SCHOENHAGEN/OSTSEE (WST);201507;31; 52.5;8; 20.2
05941;47.68;12.47;             REIT I.WINKL;201507;31;  6.4;1;-999.9
06093;53.21;10.47;           WENDISCH EVERN;201507;31; 36.3;6; 26.5
06105;54.32; 9.81;     OSTENFELD(RENDSBURG);201507;31; 51.2;8; 25.5
06109;53.38;14.37;       GRAMBOW-SCHWENNENZ;201507;31; 34.7;6; 17.2
06129;51.06;14.43;            SOHLAND/SPREE;201507;31; 50.6;8; 38.6
06157;53.64; 8.08;      WANGERLAND-HOOKSIEL;201507;31; 35.4;6; 18.3
06158;49.22;10.61; WEIDENB.-WEIHERSCHNEIDB.;201507;31; 34.9;6; 41.5
06159;52.95; 7.32;                  DOERPEN;201507;31; 37.1;6; 32.6
06163;54.17;10.35;          DOERNICK (AWST);201507;31; 57.1;9; 23.9
06170;52.02;14.73;                  COSCHEN;201507;31; 11.9;2; 13.3
06186;50.20; 7.87;               NASTAETTEN;201507;31; 29.1;5; 30.2
06197;51.87; 9.27;  LUEGDE-PAENBRUCH (AWST);201507;31; 59.9;9; 52.4
06199;54.25;13.04;        STEINHAGEN-NEGAST;201507;31; 62.5;10; 20.9
06217;49.24; 6.94;     SAARBRUECKEN-BURBACH;201507;31;  5.1;1; 13.7
06258;47.68; 9.44; FRIEDRICHSHAFEN-UNTERRAD;201507;31;  5.4;1; 23.2
06259;49.02; 9.60; GROSSERLACH-MANNENWEILER;201507;31; 25.6;4; 47.1
06260;49.33; 9.70; INGELFINGEN-STACHENHAUS.;201507;31; 16.8;3; 30.1
06262;48.77; 9.87;   SCHWAEB. GMUEND-WEILER;201507;31; 17.2;3; 28.4
06263;47.77; 8.82;                   SINGEN;201507;31; 11.2;2; 26.0
06264;51.41; 8.65;           BRILON-THUELEN;201507;31; 80.2;11; 69.9
06265;52.36;12.39;               WUSTERWITZ;201507;31; 17.5;3; 14.7
06266;52.03;10.96;             HUY-PABSTORF;201507;31; 17.7;3; 18.1
06272;50.84;10.25; MOORGRUND-GRAEFENDORF-N.;201507;31; 25.9;4; 36.3
06273;52.51;11.86;                   DEMKER;201507;31; 22.1;4; 15.3
06275;48.67; 9.46;                NOTZINGEN;201507;31; 11.0;2; 20.1
06305;51.21;10.50;      MUEHLHAUSEN-GOERMAR;201507;31; 24.1;4; 27.0
06310;54.10;13.82;               KARLSHAGEN;201507;31; 36.0;6; 13.3
06312;49.53;10.64;    MARKT ERLBACH-MOSBACH;201507;31; 17.3;3; 27.3
06314;51.05;13.30;                   NOSSEN;201507;31; 24.4;4;-999.9
06336;50.01; 9.65;       LOHR/MAIN-HALSBACH;201507;31; 15.7;3;-999.9
06337;51.77; 7.52;  LUEDINGHAUSEN-BROCHTRUP;201507;31; 26.6;4; 27.6
06344;50.39; 8.14;          RUNKEL-ENNERICH;201507;31; 23.0;4; 22.6
06346;48.21;11.20;           MAISACH-GALGEN;201507;31;  5.3;1; 39.3
06347;50.06;10.30;      SCHONUNGEN-MAINBERG;201507;31; 10.6;2; 28.8
07075;48.70;11.85;        ELSENDORF-HORNECK;201507;31; 15.8;3; 30.9
07099;52.01;10.40;     LIEBENBURG-OTHFRESEN;201507;31; 32.8;5; 31.2
07105;47.84;12.65;          SIEGSDORF-HOELL;201507;31; 17.6;3; 59.5
07106;52.07; 8.46;     BIELEFELD-DEPPENDORF;201507;31; 31.8;5;-999.9
07187;49.76; 9.41;  FREUDENBERG/MAIN-BOXTAL;201507;31;  5.1;1; 15.9
07298;54.53; 9.04;                HATTSTEDT;201507;31; 49.4;8; 20.5
07319;48.74;10.74;  DONAUWOERTH-OSTERWEILER;201507;31;  5.3;1; 28.5
07321;51.15;11.33;              OLBERSLEBEN;201507;31; 23.5;4;-999.9
07325;47.42;10.98;         SCHNEEFERNERHAUS;201507;31;339.0;30;-999.9
07329;50.55;12.29;                   TREUEN;201507;31; 38.8;6;-999.9
07330;51.46; 7.98;          ARNSBERG-NEHEIM;201507;31; 46.8;7;-999.9
07331;48.61;10.27;     HERMARINGEN-ALLEWIND;201507;31; 12.5;2;-999.9
07341;50.09; 8.79;     OFFENBACH-WETTERPARK;201507;31;  0.0;0;-999.9
07343;50.62;13.48; DEUTSCHNEUDORF-BRUEDERW.;201507;31; 75.5;10;-999.9
07350;49.11;12.82;    PRACKENBACH-NEUHAEUSL;201507;31; 37.7;6;-999.9
07351;53.32;13.42;     FELDBERG/MECKLENBURG;201507;31; 56.0;9;-999.9
07364;51.68;12.30;                 JESSNITZ;201507;31; 11.4;2;-999.9
07367;51.96; 9.81;            ALFELD (AWST);201507;31; 32.2;5;-999.9
07368;51.00;10.36;          EISENACH (AWST);201507;31; 36.4;6;-999.9
07369;49.16;10.37; FEUCHTWANGEN-HEIL.(AWST);201507;31; 23.8;4;-999.9
07370;49.39;12.68;      WALDMUENCHEN (AWST);201507;31; 37.7;6;-999.9
07373;53.60; 6.70;         BORKUM-FLUGPLATZ;201507;31; 23.9;4;-999.9
07374;52.08; 6.94;              AHAUS(AWST);201507;31; 31.2;5;-999.9
07389;52.75;13.84;               HECKELBERG;201507;31; 18.5;3;-999.9
07393;51.45;14.25;        HOYERSWERDA (WST);201507;31; 12.1;2;-999.9
07394;50.03;11.97; WUNSIEDEL-SCHOENB.(AWST);201507;31; 60.1;9;-999.9
07395;48.66;12.54;      GOTTFRIEDING (AWST);201507;31;  0.0;0;-999.9
07396;50.51; 9.22;    HOHERODSKOPF-VB (WST);201507;31; 99.3;12;-999.9
07403;47.80;10.03;  LEUTKIRCH-HERLAZ.(AWST);201507;31; 19.2;3;-999.9
07410;50.75; 9.02;          NEU-ULRICHSTEIN;201507;31; 48.5;8;-999.9
07412;50.01; 9.42; NEUHUETTEN/SPESSART(AWST;201507;31; 35.2;6;-999.9
07419;50.66;12.08;  LANGENWETZENDORF-GOETT.;201507;31; 31.8;5;-999.9
07420;51.10;11.71;              KREIPITZSCH;201507;31; 28.6;5;-999.9
07424;47.77;12.91;                   PIDING;201507;31;  0.0;0;-999.9
07427;54.02; 9.93;   PADENSTEDT (PONY-PARK);201507;31; 51.0;8;-999.9
07428;50.42;10.82;                VEILSDORF;201507;31; 37.0;6;-999.9
07431;48.01;11.55;     OBERHACHING-LAUFZORN;201507;31; 21.4;4;-999.9
07432;52.64;10.66;         WITTINGEN-VORHOP;201507;31; 35.7;6;-999.9
13670;51.51; 6.70;           DUISBURG-BAERL;201507;31; 23.4;4;-999.9
13674;49.29; 8.91;         WAIBSTADT (AWST);201507;31; 11.1;2;-999.9
13675;52.08; 9.41;        HAMELN-HASTENBECK;201507;31; 30.8;5;-999.9
13696;51.60; 7.40;        WALTROP-ABDINGHOF;201507;31; 25.2;4;-999.9
13700;51.33; 7.34;       GEVELSBERG-OBERBR.;201507;31; 48.3;8;-999.9
13710;48.57;12.26;         LANDSHUT-REITHOF;201507;31;  5.1;1;-999.9
13711;50.68;11.52;               ROCKENDORF;201507;31; 27.3;5;-999.9
13713;51.09; 7.63;  MEINERZHAGEN-REDLENDORF;201507;31; 85.4;12;-999.9
13777;52.25;10.96;     HELMSTEDT-EMMERSTEDT;201507;31; 30.6;5;-999.9
13965;48.26; 8.81;    BALINGEN-BRONNHAUPTEN;201507;31; 24.5;4;-999.9
14138;52.17;14.12;  FALKENBERG (GRZ.SCH.M.);201507;31; 17.1;3;-999.9
15000;50.80; 6.02;           AACHEN-ORSBACH;201507;31; 49.9;8;-999.9
15207;51.28; 9.36; SCHAUENBURG-ELGERSHAUSEN;201507;31; 52.2;8;-999.9
15444;48.44; 9.92;           ULM-MAEHRINGEN;201507;31; 24.2;4;-999.9
